14
22
38
40
63
73
76
80
113
138
188
190
195
198
236
244
246
281
299
304
360
371
396
398
406
410
418
450
471
502
543
551
553
563
574
606
612
620
632
650
656
658
665
669
673
674
676
677
682
686
687
688
690
694
699
702
704
710
719
737
752
765
778
783
787
794
798
801
808
826
827
859
872
885
897
904
907
919
936
958
974
1002
1042
1080
1102
1117
1121
1134
1164
1169
1191
1291
1305
1321
1327
1347
1354
1359
1365
1410
1421
1427
1434
1442
1493
1494
1518
1537
1657
1660
1679
1695
1713
1716
1719
1727
1730
1760
1796
1801
1834
1851
1909
1915
1917
1980
1986
